00012 5 26 12 12 18 30 3 Tuan Anh Tran
00013 2 26 11 12 10 30 2 Huyen Nguyen
00014 3 26 10 12 9 15 4 Pham Minh
00015 1 27 12 25 20 45 2 Lan Anh
00016 4 26 11 12 14 0 5 Hoang Long
00017 6 28 8 3 18 0 3 Trang Nhung
00018 7 26 12 13 19 30 2 Quang Nguyen
00019 8 26 9 20 17 15 6 Minh Khoa
00020 9 26 10 5 12 45 2 Bao Tran
00021 10 27 7 14 16 0 4 Duc Anh
00022 11 28 6 30 13 30 3 Ngoc Linh
00023 12 26 5 10 11 0 2 Thanh Ha
00024 13 27 4 22 15 30 5 Gia Bao
00025 14 28 3 18 19 0 6 Mai Phuong
00099 15 26 2 28 10 15 1 Anh Tuan
00027 16 27 1 9 9 0 2 Kim Chi
00028 17 28 12 31 20 0 4 Hoai Nam
00029 18 26 11 11 18 45 3 Bao Ngoc
00030 19 27 10 6 14 30 2 Thanh Tung
00039 20 28 9 25 17 0 5 Nhat Linh
