00001 1 26 12 12 18 0 2 Guest01
00002 2 26 12 12 18 0 2 Guest02
00003 3 26 12 12 18 0 2 Guest03
00004 4 26 12 12 18 0 2 Guest04
00005 5 26 12 12 18 0 2 Guest05
00006 6 26 12 12 18 0 2 Guest06
00007 7 26 12 12 18 0 2 Guest07
00008 8 26 12 12 18 0 2 Guest08
00009 9 26 12 12 18 0 2 Guest09
00010 10 26 12 12 18 0 2 Guest10
00011 11 26 12 12 18 0 2 Guest11
00012 12 26 12 12 18 0 2 Guest12
00013 13 26 12 12 18 0 2 Guest13
00014 14 26 12 12 18 0 2 Guest14
00015 15 26 12 12 18 0 2 Guest15
00016 16 26 12 12 18 0 2 Guest16
00017 17 26 12 12 18 0 2 Guest17
00018 18 26 12 12 18 0 2 Guest18
00019 19 26 12 12 18 0 2 Guest19
00020 20 26 12 12 18 0 2 Guest20
00021 21 26 12 12 18 0 2 Guest21
00022 22 26 12 12 18 0 2 Guest22
00023 23 26 12 12 18 0 2 Guest23
00024 24 26 12 12 18 0 2 Guest24
00025 25 26 12 12 18 0 2 Guest25
00026 26 26 12 12 18 0 2 Guest26
00027 27 26 12 12 18 0 2 Guest27
00028 28 26 12 12 18 0 2 Guest28
00029 29 26 12 12 18 0 2 Guest29
00030 30 26 12 12 18 0 2 Guest30
00031 31 26 12 12 18 0 2 Guest31
00032 32 26 12 12 18 0 2 Guest32
00033 33 26 12 12 18 0 2 Guest33
00034 34 26 12 12 18 0 2 Guest34
00035 35 26 12 12 18 0 2 Guest35
00036 36 26 12 12 18 0 2 Guest36
00037 37 26 12 12 18 0 2 Guest37
00038 38 26 12 12 18 0 2 Guest38
00039 39 26 12 12 18 0 2 Guest39
00040 40 26 12 12 18 0 2 Guest40
00041 41 26 12 12 18 0 2 Guest41
00042 42 26 12 12 18 0 2 Guest42
00043 43 26 12 12 18 0 2 Guest43
00044 44 26 12 12 18 0 2 Guest44
00045 45 26 12 12 18 0 2 Guest45
00046 46 26 12 12 18 0 2 Guest46
00047 47 26 12 12 18 0 2 Guest47
00048 48 26 12 12 18 0 2 Guest48
00049 49 26 12 12 18 0 2 Guest49
00050 50 26 12 12 18 0 2 Guest50
00051 51 26 12 12 18 0 2 Guest51
00052 52 26 12 12 18 0 2 Guest52
00053 53 26 12 12 18 0 2 Guest53
00054 54 26 12 12 18 0 2 Guest54
00055 55 26 12 12 18 0 2 Guest55
00056 56 26 12 12 18 0 2 Guest56
00057 57 26 12 12 18 0 2 Guest57
00058 58 26 12 12 18 0 2 Guest58
00059 59 26 12 12 18 0 2 Guest59
00060 60 26 12 12 18 0 2 Guest60
00061 61 26 12 12 18 0 2 Guest61
00062 62 26 12 12 18 0 2 Guest62
00063 63 26 12 12 18 0 2 Guest63
00064 64 26 12 12 18 0 2 Guest64
00065 65 26 12 12 18 0 2 Guest65
00066 66 26 12 12 18 0 2 Guest66
00067 67 26 12 12 18 0 2 Guest67
00068 68 26 12 12 18 0 2 Guest68
00069 69 26 12 12 18 0 2 Guest69
00070 70 26 12 12 18 0 2 Guest70
00071 71 26 12 12 18 0 2 Guest71
00072 72 26 12 12 18 0 2 Guest72
00073 73 26 12 12 18 0 2 Guest73
00074 74 26 12 12 18 0 2 Guest74
00075 75 26 12 12 18 0 2 Guest75
00076 76 26 12 12 18 0 2 Guest76
00077 77 26 12 12 18 0 2 Guest77
00078 78 26 12 12 18 0 2 Guest78
00079 79 26 12 12 18 0 2 Guest79
00080 80 26 12 12 18 0 2 Guest80
00081 81 26 12 12 18 0 2 Guest81
00082 82 26 12 12 18 0 2 Guest82
00083 83 26 12 12 18 0 2 Guest83
00084 84 26 12 12 18 0 2 Guest84
00085 85 26 12 12 18 0 2 Guest85
00086 86 26 12 12 18 0 2 Guest86
00087 87 26 12 12 18 0 2 Guest87
00088 88 26 12 12 18 0 2 Guest88
00089 89 26 12 12 18 0 2 Guest89
00090 90 26 12 12 18 0 2 Guest90
00091 91 26 12 12 18 0 2 Guest91
00092 92 26 12 12 18 0 2 Guest92
00093 93 26 12 12 18 0 2 Guest93
00094 94 26 12 12 18 0 2 Guest94
00095 95 26 12 12 18 0 2 Guest95
00096 96 26 12 12 18 0 2 Guest96
00097 97 26 12 12 18 0 2 Guest97
00098 98 26 12 12 18 0 2 Guest98
00099 99 26 12 12 18 0 2 Guest99
00100 100 26 12 12 18 0 2 Guest100