00032 3 26 6 15 9 0 2 Linh Nguyen
00033 5 26 6 15 11 30 4 Anh Vu
00034 7 26 6 15 14 0 3 Bao Chau
00035 2 26 7 10 10 15 2 Minh Duc
00036 4 26 7 10 13 45 5 Thanh Binh
00037 6 26 7 10 18 0 6 Ngoc Anh
00038 8 27 8 20 9 30 1 Quoc Dat
00039 9 27 8 20 12 0 3 Hai Dang
00040 10 27 8 20 16 30 4 Thu Trang
00041 11 27 9 5 10 0 2 Mai Linh
00042 12 27 9 5 15 15 5 Hoang Phuc
00043 13 27 9 5 20 0 3 Bao Han
00044 14 28 10 18 9 45 2 Duc Minh
00045 15 28 10 18 13 0 6 Khanh Linh
00046 16 28 10 18 17 30 4 Gia Huy
00047 17 28 11 22 10 30 3 Thanh Tung
00048 18 28 11 22 14 0 2 My Duyen
00049 19 28 11 22 19 45 5 Tuan Kiet
00050 20 29 12 1 9 15 2 Ngoc Mai
00051 21 29 12 1 18 30 6 Van Anh